model loaded ../trainedRs/gemma2-merge-swift_galaxy-model_name-gemma2-metric-euclidean-unit_size-72-search_steps-25-data_source-minipile-merge_thr-0.01-merge_start-10000-merge_interval-4000-max_steps-150000
computing merge metric
******** Estimated MI ********
tensor([10.03255, 10.02025, 10.06311, 10.05182, 10.03036,  9.59532,  9.49391,
         8.72092,  8.75364,  9.92258,  9.88381,  9.92243,  9.86252,  9.50533,
         9.44879,  8.65591,  8.70747,  9.89886,  9.92163,  9.85443,  9.49714,
         9.44020,  8.65648,  8.69852,  9.91802,  9.90024,  9.47446,  9.39465,
         8.63000,  8.66144,  9.89272,  9.49775,  9.43110,  8.65348,  8.68661,
         9.45536,  9.32787,  8.62493,  8.61679,  9.08544,  8.32054,  8.40633,
         8.32495,  8.38332,  7.69474])
