model loaded ../trainedRs/gemma2-merge-swift_galaxy-model_name-gemma2-metric-euclidean-unit_size-72-search_steps-25-data_source-minipile-merge_thr-0.01-merge_start-10000-merge_interval-4000-max_steps-150000
computing merge metric
******** Estimated MI ********
tensor([ 4.00195,  4.70910,  3.22520,  4.68844,  4.09439,  1.94284,  3.57116,
         0.36914,  1.96768,  3.30323,  2.31746,  5.01859,  5.70643,  2.71241,
         2.63065,  0.71555,  1.86371,  3.58092,  2.88371,  3.27575,  1.49651,
         3.34611,  0.23190,  1.55892,  2.49963,  1.70640,  0.42600,  2.40158,
         0.02590,  1.67480,  2.79772,  3.56460,  2.28343,  0.89441,  2.52428,
         2.18933,  1.91429,  0.76996,  1.61223,  1.48070, -0.18339,  1.97929,
         0.01274,  1.74691,  0.01647])
