eval result tensor([0.6764, 0.5767, 0.6629, 0.6534, 0.6688, 0.7682, 0.6538, 0.6516])
computing merge metric
normed mi [((3, 5), 0.2923699915409088), ((0, 6), 0.2905897796154022), ((2, 5), 0.28999975323677063), ((5, 6), 0.28885892033576965), ((3, 6), 0.2872205972671509), ((0, 5), 0.2835554778575897), ((2, 6), 0.2834969758987427), ((4, 7), 0.28070399165153503), ((2, 7), 0.2805425226688385), ((5, 7), 0.27734336256980896), ((0, 3), 0.2762669324874878), ((0, 2), 0.2751263678073883), ((3, 7), 0.26783475279808044), ((2, 3), 0.26770228147506714), ((1, 4), 0.2658059000968933), ((2, 4), 0.26497581601142883), ((0, 7), 0.26088547706604004), ((6, 7), 0.25855547189712524), ((0, 4), 0.2476397454738617), ((3, 4), 0.24454547464847565), ((4, 6), 0.24389319121837616), ((1, 7), 0.24086706340312958), ((4, 5), 0.23868882656097412), ((0, 1), 0.22646421194076538), ((1, 3), 0.2218792736530304), ((1, 2), 0.219822496175766), ((1, 5), 0.20170213282108307), ((1, 6), 0.20150640606880188)]
******* after merging (0.04): [((3, 5), 16), ((0,), 8), ((1,), 8), ((2,), 8), ((4,), 8), ((6,), 8), ((7,), 8)]
{'R_grad_norm': 0.30266731351613996, 'training_loss': 0.7158768770098686}
eval result tensor([1.4959, 0.6382, 0.5148, 0.6256, 0.6211, 0.6073, 0.6095])
computing merge metric
normed mi [((1, 5), 0.2669864594936371), ((3, 6), 0.258983850479126), ((3, 5), 0.25808465480804443), ((4, 6), 0.25241339206695557), ((1, 3), 0.2495126724243164), ((2, 4), 0.24025629460811615), ((1, 6), 0.23489193618297577), ((3, 4), 0.23467443883419037), ((5, 6), 0.22134175896644592), ((1, 4), 0.21588169038295746), ((2, 6), 0.20953504741191864), ((0, 1), 0.2072651982307434), ((0, 5), 0.2070173422495524), ((0, 3), 0.204411248366038), ((4, 5), 0.19872672855854034), ((0, 6), 0.1878406604131063), ((1, 2), 0.18556909263134003), ((2, 3), 0.18539975583553314), ((2, 5), 0.15239204466342926), ((0, 4), 0.14616437753041586), ((0, 2), 0.11515830953915913)]
******* after merging (0.04): [((1, 5), 16), ((0,), 16), ((2,), 8), ((3,), 8), ((4,), 8), ((6,), 8)]
eval result tensor([1.3176, 1.4449, 0.4890, 0.5824, 0.5646, 0.5593])
computing merge metric
normed mi [((2, 4), 0.23462392389774323), ((3, 5), 0.23281511664390564), ((4, 5), 0.23157772421836853), ((2, 5), 0.2150854468345642), ((3, 4), 0.19797195494174957), ((0, 3), 0.18849452336629233), ((1, 3), 0.18084909518559775), ((2, 3), 0.1780821681022644), ((0, 1), 0.17031335830688477), ((0, 5), 0.15339393417040506), ((1, 5), 0.14162731170654297), ((0, 4), 0.12834181388219199), ((0, 2), 0.1244940956433614), ((1, 4), 0.1017939845720927), ((1, 2), 0.10129985213279724)]
******* after merging (0.04): [((2, 4), 16), ((0,), 16), ((1,), 16), ((3,), 8), ((5,), 8)]
{'R_grad_norm': 0.5083242020010948, 'training_loss': 0.935150738954544}
eval result tensor([1.2188, 1.2503, 1.4184, 0.5383, 0.5242])
computing merge metric
normed mi [((3, 4), 0.20211581885814667), ((0, 4), 0.17685610055923462), ((1, 3), 0.16485145688056946), ((1, 2), 0.1532161384820938), ((2, 3), 0.14892499645551047), ((0, 3), 0.14425894618034363), ((1, 4), 0.12468742330869038), ((2, 4), 0.09886057178179423), ((0, 1), 0.08806651085615158), ((0, 2), 0.0584782138466835)]
******* after merging (0.04): [((3, 4), 16), ((0,), 16), ((1,), 16), ((2,), 16)]
eval result tensor([1.2030, 1.1789, 1.1641, 1.3514])
computing merge metric
normed mi [((0, 1), 0.15686720609664917), ((2, 3), 0.13387040793895721), ((0, 2), 0.10194658488035202), ((1, 2), 0.09554586559534073), ((0, 3), 0.06141050159931183), ((1, 3), 0.05596526712179184)]
******* after merging (0.04): [((0, 1), 32), ((2,), 16), ((3,), 16)]
{'R_grad_norm': 0.5940170240402222, 'training_loss': 1.3987866747379303}
eval result tensor([2.1510, 1.0828, 1.3034])
computing merge metric
normed mi [((1, 2), 0.11577782034873962), ((0, 1), 0.0688102791706721), ((0, 2), 0.03404094030459722)]
******* after merging (0.04): [((1, 2), 32), ((0,), 32)]
eval result tensor([2.3094, 2.1538])
computing merge metric
normed mi [((0, 1), 0.031869303435087204)]
finish training (700)
evaluating (25 steps)...
 ******* eval result *******
mean (weighted) 2.2410855293273926
mean (unweighted) 2.2410855293273926
tensor([2.3245, 2.1576])
