eval result tensor([0.0590, 0.0568, 0.0622, 0.0593, 0.0615, 0.0614, 0.0668, 0.0585])
computing merge metric
normed mi [((3, 4), 0.43829506635665894), ((0, 4), 0.43467003107070923), ((1, 4), 0.4268748164176941), ((1, 3), 0.4261586666107178), ((2, 4), 0.4238865375518799), ((3, 7), 0.4233238101005554), ((0, 3), 0.42322105169296265), ((1, 7), 0.4192315638065338), ((4, 7), 0.4152519106864929), ((4, 5), 0.41494518518447876), ((0, 1), 0.41215980052948), ((2, 3), 0.4099542200565338), ((1, 2), 0.40604498982429504), ((0, 2), 0.4050370752811432), ((3, 5), 0.4027440547943115), ((1, 5), 0.40208226442337036), ((6, 7), 0.4016032814979553), ((4, 6), 0.39891791343688965), ((3, 6), 0.3972283899784088), ((1, 6), 0.3958726227283478), ((0, 7), 0.3957192599773407), ((5, 7), 0.39551082253456116), ((0, 5), 0.39095935225486755), ((2, 5), 0.38857612013816833), ((2, 7), 0.38540568947792053), ((0, 6), 0.3842225968837738), ((5, 6), 0.3708835244178772), ((2, 6), 0.3658197820186615)]
******* after merging (0.04): [((3, 4), 16), ((0,), 8), ((1,), 8), ((2,), 8), ((5,), 8), ((6,), 8), ((7,), 8)]
{'R_grad_norm': 0.022676848769187928, 'training_loss': 0.06493738373741507}
eval result tensor([0.1135, 0.0574, 0.0556, 0.0608, 0.0608, 0.0663, 0.0564])
computing merge metric
normed mi [((2, 6), 0.41331368684768677), ((1, 2), 0.4042055904865265), ((1, 3), 0.4008573293685913), ((2, 3), 0.3977864384651184), ((2, 4), 0.3949916958808899), ((5, 6), 0.3927049934864044), ((2, 5), 0.38717854022979736), ((1, 6), 0.3860132098197937), ((4, 6), 0.3860018849372864), ((1, 4), 0.3838951587677002), ((3, 4), 0.3814297020435333), ((3, 6), 0.3738742172718048), ((1, 5), 0.36821815371513367), ((4, 5), 0.3607426881790161), ((3, 5), 0.35358330607414246), ((0, 1), 0.30959399541219074), ((0, 2), 0.30389487743377686), ((0, 3), 0.3018598755200704), ((0, 4), 0.29219208161036175), ((0, 6), 0.2893816630045573), ((0, 5), 0.2761281331380208)]
******* after merging (0.04): [((2, 6), 16), ((0,), 16), ((1,), 8), ((3,), 8), ((4,), 8), ((5,), 8)]
eval result tensor([0.1066, 0.1075, 0.0555, 0.0595, 0.0594, 0.0653])
computing merge metric
normed mi [((2, 3), 0.3915614187717438), ((2, 4), 0.37273848056793213), ((3, 4), 0.37148308753967285), ((4, 5), 0.34891021251678467), ((2, 5), 0.3476161062717438), ((3, 5), 0.336792916059494), ((1, 2), 0.3027034004529317), ((1, 3), 0.29687273502349854), ((0, 2), 0.28866241375605267), ((1, 4), 0.28600482145945233), ((0, 4), 0.2856438159942627), ((0, 3), 0.28371286392211914), ((0, 5), 0.2786057988802592), ((1, 5), 0.2678753932317098), ((0, 1), 0.25079238414764404)]
******* after merging (0.04): [((2, 3), 16), ((0,), 16), ((1,), 16), ((4,), 8), ((5,), 8)]
{'R_grad_norm': 0.02506992656737566, 'training_loss': 0.08492368936538697}
eval result tensor([0.1177, 0.1046, 0.1040, 0.0600, 0.0660])
computing merge metric
normed mi [((3, 4), 0.33446285128593445), ((2, 3), 0.2800636887550354), ((1, 3), 0.27858277161916095), ((1, 4), 0.2698611418406169), ((0, 3), 0.26146427790323895), ((2, 4), 0.25783546765645343), ((1, 2), 0.24629159271717072), ((0, 2), 0.24058473110198975), ((0, 1), 0.21798844635486603), ((0, 4), 0.21546870470046997)]
******* after merging (0.04): [((3, 4), 16), ((0,), 16), ((1,), 16), ((2,), 16)]
eval result tensor([0.1345, 0.1141, 0.0999, 0.0987])
computing merge metric
normed mi [((2, 3), 0.24444948136806488), ((1, 3), 0.23681361973285675), ((0, 2), 0.23254653811454773), ((0, 3), 0.23226095736026764), ((1, 2), 0.21726848185062408), ((0, 1), 0.20179319381713867)]
******* after merging (0.04): [((2, 3), 32), ((0,), 16), ((1,), 16)]
{'R_grad_norm': 0.02175222151912749, 'training_loss': 0.12609564382582902}
eval result tensor([0.1671, 0.1318, 0.1103])
computing merge metric
normed mi [((1, 2), 0.1945197880268097), ((0, 2), 0.15705308318138123), ((0, 1), 0.15469599763552347)]
******* after merging (0.04): [((1, 2), 32), ((0,), 32)]
eval result tensor([0.2119, 0.1627])
computing merge metric
normed mi [((0, 1), 0.12560716271400452)]
******* after merging (0.04): [((0, 1), 64)]
{'R_grad_norm': 0.01057095976149716, 'training_loss': 0.24400722436606884}
eval result tensor([0.3002])
computing merge metric
normed mi []
finish training (800)
evaluating (25 steps)...
 ******* eval result *******
mean (weighted) 0.29898467659950256
mean (unweighted) 0.29898467659950256
tensor([0.2990])
